Id,SalePrice
1461,124558.55933
1462,138219.5057
1463,201909.09153
1464,196782.04469
1465,172166.0122
1466,180710.65383
1467,168635.83639
1468,166523.63285
1469,195401.04986
1470,115269.83034
1471,201938.92552
1472,101152.15088
1473,99911.68342
1474,144470.02912
1475,112111.08253
1476,363197.03238
1477,231368.57818
1478,297802.29653
1479,297856.98885
1480,460270.44527
1481,313178.13207
1482,208129.65205
1483,170723.66412
1484,163526.96795
1485,183479.0012
1486,199441.81232
1487,327425.19878
1488,233369.91687
1489,187589.85126
1490,246892.52594
1491,197789.33278
1492,105120.31621
1493,216909.09818
1494,293635.63126
1495,295373.86157
1496,252316.82372
1497,175072.31861
1498,160696.2754
1499,159410.20096
1500,159145.3736
1501,177336.28359
1502,151317.32341
1503,279402.66268
1504,239777.88403
1505,237469.45928
1506,179384.20787
1507,263450.04603
1508,240073.80517
1509,132016.65924
1510,146072.14913
1511,146805.72558
1512,174523.14393
1513,125424.63512
1514,159333.26345
1515,202929.8953
1516,155320.28182
1517,157768.11108
1518,136799.63593
1519,234270.69043
1520,128187.97527
1521,125405.19927
1522,180634.18378
1523,101020.047
1524,112765.75844
1525,112724.53507
1526,120137.78747
1527,109928.14085
1528,123141.85699
1529,141883.99377
1530,160194.96009
1531,131870.51369
1532,105246.75427
1533,119260.51667
1534,122729.63858
1535,161421.23198
1536,109001.34319
1537,96395.14801
1538,158090.63921
1539,199338.51173
1540,110993.48583
1541,144314.4628
1542,125823.65949
1543,186373.68372
1544,82030.32526
1545,103946.49528
1546,119509.34849
1547,128589.47968
1548,108388.94303
1549,106986.01201
1550,132302.8372
1551,132560.67518
1552,138536.5931
1553,146467.99602
1554,106820.20102
1555,180265.64023
1556,114618.89454
1557,110044.15536
1558,108929.43693
1559,82842.81239
1560,140382.1474
1561,139388.43908
1562,126904.0631
1563,120740.56126
1564,162810.7531
1565,148175.72278
1566,242184.3582
1567,87000.25875
1568,248835.2823
1569,141528.93819
1570,142413.42079
1571,130592.56704
1572,133441.12424
1573,256896.72002
1574,136165.31101
1575,243410.85411
1576,253634.13626
1577,192719.03762
1578,150137.83164
1579,142106.01043
1580,198779.73982
1581,171726.55178
1582,120448.71409
1583,313626.57921
1584,246835.59031
1585,141878.69694
1586,77778.64078
1587,103767.76378
1588,143538.13478
1589,106247.29906
1590,123184.4104
1591,89177.74008
1592,138374.41341
1593,122058.34416
1594,131689.13408
1595,127978.09304
1596,245690.75745
1597,194580.77193
1598,196691.91718
1599,163822.84815
1600,174809.34735
1601,61306.54171
1602,118016.64883
1603,77799.28899
1604,294742.84042
1605,263768.84264
1606,156231.1784
1607,190718.67132
1608,225620.43356
1609,183315.20468
1610,141343.13292
1611,143541.57718
1612,182977.05313
1613,178998.18052
1614,136903.60502
1615,87689.77652
1616,82860.3977
1617,92880.50348
1618,118839.43321
1619,135160.14109
1620,198367.13218
1621,134732.49493
1622,130835.17665
1623,295630.3395
1624,259074.57841
1625,126399.63368
1626,175032.54858
1627,198282.8272
1628,269521.65192
1629,172391.71416
1630,327918.96883
1631,200745.26704
1632,225619.87508
1633,167621.43469
1634,197004.44015
1635,185944.13174
1636,167363.98601
1637,219581.35555
1638,199522.02609
1639,184356.21018
1640,235789.18415
1641,183461.73305
1642,235828.75411
1643,234819.86503
1644,236531.68001
1645,212785.54757
1646,170060.32893
1647,151080.36128
1648,125972.63839
1649,144434.69159
1650,111853.76946
1651,112494.09988
1652,107511.5957
1653,107152.02419
1654,157317.72887
1655,140048.99582
1656,150066.66228
1657,157317.72887
1658,159522.36744
1659,106445.77544
1660,163292.27961
1661,450915.66402
1662,402419.41584
1663,387778.67263
1664,232156.50768
1665,295132.41149
1666,323864.8839
1667,369995.14564
1668,335742.06218
1669,323650.67221
1670,365067.52083
1671,260706.84259
1672,401863.16127
1673,297600.73405
1674,234669.86385
1675,195463.1183
1676,211203.94161
1677,224734.88264
1678,423178.92734
1679,374416.84246
1680,357558.88769
1681,253848.90786
1682,318237.60774
1683,178806.69746
1684,192959.47358
1685,196198.5696
1686,179095.89193
1687,169097.39982
1688,201862.56684
1689,206539.96724
1690,208994.33618
1691,188274.74965
1692,273513.49212
1693,159701.11514
1694,187740.2799
1695,160221.80563
1696,291411.0555
1697,151282.31017
1698,343408.68003
1699,304976.31003
1700,258120.40415
1701,288039.90459
1702,220043.94402
1703,254274.8232
1704,283999.73152
1705,243990.91795
1706,400550.9091
1707,195776.47351
1708,178344.21438
1709,258569.09537
1710,224055.7247
1711,259420.79446
1712,240259.41869
1713,279716.96096
1714,216028.3084
1715,201681.12737
1716,168717.75814
1717,185406.99596
1718,131529.45469
1719,209395.83301
1720,234886.41071
1721,177719.70695
1722,137300.43515
1723,180752.3353
1724,196741.96005
1725,241909.43837
1726,190163.0201
1727,161497.35289
1728,194738.68968
1729,153167.1756
1730,142412.8567
1731,115890.80299
1732,129089.25996
1733,112589.10591
1734,126749.43197
1735,134346.17473
1736,112726.37348
1737,303375.17998
1738,232273.51085
1739,257199.56236
1740,212306.2431
1741,200381.35756
1742,176793.15385
1743,177670.00674
1744,315934.11385
1745,194770.84832
1746,197084.79116
1747,204366.10758
1748,207237.55015
1749,163866.09181
1750,129384.77497
1751,211430.44712
1752,117275.30719
1753,137323.84879
1754,199481.08046
1755,168911.53254
1756,119763.55734
1757,115549.01347
1758,136742.27497
1759,176114.88899
1760,178215.55542
1761,162308.51923
1762,171869.85392
1763,172293.55109
1764,113422.70232
1765,121431.23273
1766,188223.45413
1767,216444.22468
1768,137390.59686
1769,149738.05027
1770,149140.90739
1771,126915.43113
1772,122891.23059
1773,129689.72865
1774,162473.22727
1775,124025.41106
1776,117287.26246
1777,104370.8732
1778,139649.01468
1779,114099.70959
1780,169491.00307
1781,119300.91523
1782,83372.87055
1783,137344.73814
1784,110561.51162
1785,124209.31439
1786,161079.19509
1787,163984.33777
1788,58009.40934
1789,110867.21402
1790,86903.0974
1791,181283.19499
1792,129739.87019
1793,140869.80198
1794,139414.15435
1795,125136.60832
1796,120077.58071
1797,119182.03105
1798,118490.20771
1799,96076.71041
1800,121529.24094
1801,120578.10232
1802,135375.07505
1803,137003.5097
1804,133261.66069
1805,134509.93449
1806,103646.83476
1807,141104.70498
1808,115845.64876
1809,114890.31676
1810,129001.22733
1811,98091.2622
1812,102671.28665
1813,109860.95678
1814,99962.31534
1815,55426.75675
1816,108457.71069
1817,139583.35931
1818,143832.07273
1819,127652.13091
1820,71204.87777
1821,103696.01458
1822,146189.38261
1823,60385.42709
1824,122051.23168
1825,122730.39372
1826,95075.02294
1827,107093.77865
1828,132348.032
1829,121447.01406
1830,136263.95857
1831,139531.51014
1832,108966.47366
1833,133721.15506
1834,106849.612
1835,130832.28294
1836,114302.4134
1837,97866.36887
1838,127287.85894
1839,88417.38346
1840,158716.2726
1841,162474.81234
1842,118830.09
1843,147675.42237
1844,137382.83369
1845,143952.65002
1846,155535.43602
1847,155993.16892
1848,54607.92159
1849,102310.59991
1850,117500.66774
1851,142015.52931
1852,136730.63573
1853,153220.93846
1854,178317.74362
1855,150095.95609
1856,244842.622
1857,170792.72933
1858,128325.54449
1859,112767.26724
1860,166656.78696
1861,112767.26724
1862,314781.58037
1863,309409.65197
1864,309409.65197
1865,350553.76777
1866,355505.98159
1867,228446.45821
1868,308768.6033
1869,218675.43563
1870,226582.05976
1871,272697.48827
1872,190404.79812
1873,251416.92241
1874,130707.04941
1875,197797.96931
1876,200916.88437
1877,220082.59217
1878,231500.84424
1879,132438.94165
1880,116143.24914
1881,243203.89429
1882,258764.88702
1883,187501.15326
1884,209432.97631
1885,285986.84019
1886,318172.07445
1887,223418.598
1888,282138.34632
1889,174858.66486
1890,114374.63102
1891,122896.97222
1892,101575.13103
1893,120284.57628
1894,123985.45476
1895,152546.00845
1896,120655.48969
1897,124796.91518
1898,108299.56967
1899,152312.51295
1900,134758.69782
1901,172955.11703
1902,147322.72291
1903,182575.07071
1904,158202.51027
1905,204517.87727
1906,141392.17823
1907,223136.74788
1908,104440.89061
1909,140577.09735
1910,120146.069
1911,201986.29709
1912,333764.36761
1913,150201.28608
1914,63845.56074
1915,315728.30749
1916,73140.08161
1917,278246.69913
1918,136488.7818
1919,162524.15364
1920,188219.29681
1921,381206.50818
1922,330049.32357
1923,211852.6072
1924,237873.07714
1925,205958.28545
1926,395352.07855
1927,119936.80148
1928,166675.85489
1929,113661.19326
1930,118732.87791
1931,158363.10078
1932,129655.78263
1933,180718.75963
1934,181413.40418
1935,178074.61496
1936,186994.43573
1937,190514.92183
1938,186915.29151
1939,252989.43638
1940,169078.61289
1941,183989.50408
1942,176999.04171
1943,210570.39838
1944,379441.67105
1945,399193.82647
1946,161447.35204
1947,318219.06561
1948,184678.01903
1949,255197.65005
1950,178810.62217
1951,266832.21782
1952,214399.59792
1953,192947.69922
1954,192243.5069
1955,120832.67072
1956,298343.76169
1957,157254.34421
1958,306598.77071
1959,147020.77359
1960,115489.88945
1961,125368.22403
1962,100804.22099
1963,102569.37898
1964,117309.43753
1965,140458.67558
1966,125844.06846
1967,267604.8796
1968,391818.15547
1969,398636.23034
1970,449298.39679
1971,414848.17079
1972,378876.12287
1973,254084.3283
1974,333277.95145
1975,207511.11074
1976,279329.51568
1977,337893.09369
1978,351753.68917
1979,332507.94247
1980,203309.92026
1981,332828.86877
1982,221719.32152
1983,201744.3139
1984,179803.90277
1985,236475.65824
1986,229023.61934
1987,180271.96638
1988,196120.22515
1989,199441.81232
1990,214856.66287
1991,221578.27737
1992,219005.54952
1993,179669.25336
1994,244306.52873
1995,182193.54126
1996,259871.61641
1997,327732.17294
1998,309299.70968
1999,268183.8492
2000,295687.98561
2001,257580.42831
2002,270048.51591
2003,286830.36896
2004,265098.45317
2005,236096.47846
2006,188180.29172
2007,239433.17652
2008,199383.37466
2009,195718.21574
2010,201252.75642
2011,145875.64056
2012,174343.44665
2013,197362.42897
2014,200818.37727
2015,220027.08226
2016,201239.61409
2017,194040.51656
2018,130750.79414
2019,137466.68944
2020,116266.3009
2021,116341.58497
2022,173277.17444
2023,160212.329
2024,263994.66651
2025,359816.11059
2026,164380.54305
2027,156755.31361
2028,145874.26285
2029,157849.96833
2030,270560.7102
2031,236721.87359
2032,262616.37987
2033,278439.75007
2034,168305.08475
2035,191265.0383
2036,196742.82042
2037,196742.82042
2038,290327.08577
2039,244364.16645
2040,302140.45433
2041,297775.20178
2042,213110.40511
2043,149096.18805
2044,163825.04561
2045,187729.57007
2046,147279.7428
2047,130441.41762
2048,138280.90872
2049,143507.0268
2050,152489.58995
2051,99474.77256
2052,124711.62242
2053,140814.48822
2054,91122.59164
2055,149741.99194
2056,129226.35858
2057,121291.94627
2058,235729.26331
2059,140174.11551
2060,168311.18716
2061,170182.64044
2062,126027.53749
2063,119567.67976
2064,137216.4808
2065,119135.893
2066,155104.86308
2067,140094.61987
2068,146899.3944
2069,92809.13484
2070,108875.78163
2071,96201.44256
2072,124366.90359
2073,131762.31454
2074,161405.46418
2075,142881.48772
2076,130070.20895
2077,152762.45736
2078,125405.22964
2079,122248.61646
2080,107766.1931
2081,110285.35519
2082,129946.01197
2083,135762.4955
2084,104739.88072
2085,122014.16412
2086,116537.8093
2087,115310.50403
2088,104391.73764
2089,85471.6244
2090,128887.56399
2091,108026.2097
2092,120645.10077
2093,138273.67483
2094,115465.18173
2095,141227.40261
2096,92854.30928
2097,98875.93954
2098,143780.11745
2099,57319.96776
2100,101230.43719
2101,134534.2172
2102,111575.97132
2103,106630.88129
2104,137124.76051
2105,125783.19654
2106,79601.36252
2107,178805.35455
2108,116442.75264
2109,104232.60357
2110,135951.65463
2111,121391.68623
2112,142737.08128
2113,112303.91388
2114,105381.32707
2115,144966.10684
2116,121114.1254
2117,145356.31933
2118,118134.3695
2119,93262.03827
2120,115060.52334
2121,103410.97441
2122,102145.20837
2123,89784.46049
2124,144405.77368
2125,134736.05745
2126,151638.73528
2127,155405.95136
2128,126172.17436
2129,97633.75441
2130,125673.21408
2131,155323.26491
2132,114306.19288
2133,115896.41757
2134,135523.73906
2135,94635.38394
2136,83135.97959
2137,130011.10599
2138,127976.16491
2139,142750.01356
2140,127304.71557
2141,141722.36697
2142,121388.54561
2143,143848.50276
2144,141054.10876
2145,129264.58944
2146,152177.96778
2147,175974.93527
2148,131310.40913
2149,144073.80791
2150,218616.40722
2151,110806.5504
2152,166763.27035
2153,160443.3909
2154,115591.75174
2155,129093.4953
2156,287289.76528
2157,258689.34752
2158,251760.73173
2159,223823.87976
2160,184782.74655
2161,238246.17918
2162,336200.93318
2163,349017.5529
2164,283456.3934
2165,202557.38699
2166,145337.16454
2167,233112.21445
2168,193013.36062
2169,201402.06641
2170,224048.2823
2171,139606.52863
2172,143239.18261
2173,160026.27956
2174,246774.16167
2175,320377.95303
2176,329680.16587
2177,255067.78475
2178,225515.53301
2179,141878.69694
2180,224933.19483
2181,193807.64182
2182,212215.59617
2183,186625.4488
2184,121310.89314
2185,125047.20599
2186,140701.08816
2187,145108.06549
2188,129733.21592
2189,240222.23581
2190,85359.1642
2191,84711.99729
2192,88206.82479
2193,114547.71267
2194,94756.5172
2195,112419.56092
2196,103220.23819
2197,109267.45341
2198,149193.7477
2199,161225.64427
2200,137861.48397
2201,144191.54367
2202,229948.76221
2203,147242.41258
2204,183712.16754
2205,116097.40623
2206,148020.64174
2207,196857.46052
2208,219580.60494
2209,257671.16007
2210,120752.11514
2211,115976.56368
2212,112660.52778
2213,94110.09624
2214,141332.79221
2215,98672.63169
2216,148341.71036
2217,67976.51708
2218,69409.22955
2219,76121.22886
2220,82690.3281
2221,316698.26026
2222,297707.82688
2223,296113.17548
2224,217731.20999
2225,135654.8295
2226,198636.16259
2227,213947.11967
2228,265613.6279
2229,245239.16808
2230,141343.13292
2231,205987.28214
2232,183019.23357
2233,201216.56426
2234,265256.14564
2235,232412.54835
2236,262733.02706
2237,327224.13655
2238,191658.96588
2239,123734.43465
2240,166429.10241
2241,147780.16742
2242,126779.37877
2243,135148.99062
2244,103765.95821
2245,113570.50158
2246,138723.99331
2247,106989.12464
2248,113980.35235
2249,116568.97319
2250,123782.43638
2251,138942.74237
2252,170234.7066
2253,145425.65727
2254,176724.22604
2255,183875.42819
2256,183119.002
2257,220368.75394
2258,154051.25002
2259,181079.91199
2260,153091.98655
2261,180031.14828
2262,190176.74001
2263,363529.55455
2264,393306.59064
2265,180695.51256
2266,311708.19455
2267,346221.1873
2268,386484.73249
2269,162134.46839
2270,208870.177
2271,229637.41588
2272,196583.77522
2273,157108.83595
2274,193240.72217
2275,168924.58165
2276,180341.40796
2277,179509.1816
2278,134850.58759
2279,129892.69578
2280,114928.1602
2281,172324.1281
2282,210848.94062
2283,100804.22099
2284,117134.16395
2285,129843.06988
2286,117630.51519
2287,370240.76966
2288,254987.53323
2289,332844.76615
2290,452295.51902
2291,326152.67212
2292,412797.22944
2293,420107.17468
2294,409475.16519
2295,408554.42988
2296,275969.07797
2297,313266.94312
2298,355315.23275
2299,347167.26662
2300,329563.9475
2301,297151.84333
2302,240263.74885
2303,233206.84953
2304,239895.69072
2305,199734.50538
2306,199734.50538
2307,207680.9478
2308,229153.95811
2309,309239.04291
2310,201744.3139
2311,203827.45993
2312,199774.69061
2313,199525.24425
2314,160769.96467
2315,196120.22515
2316,199525.24425
2317,177188.62797
2318,181874.31
2319,175819.14034
2320,173378.91625
2321,255286.99432
2322,173729.38596
2323,187391.91307
2324,175373.06808
2325,229864.92239
2326,171505.25143
2327,214856.66287
2328,226342.71171
2329,191586.58204
2330,192132.95213
2331,317288.37626
2332,371573.40772
2333,294938.09425
2334,244898.1529
2335,289723.05885
2336,309938.33736
2337,179854.27134
2338,285532.97921
2339,233034.90793
2340,377867.178
2341,244716.99455
2342,230561.5364
2343,253346.96459
2344,206591.01347
2345,235801.72897
2346,183830.83139
2347,168816.40626
2348,209612.4399
2349,189074.23537
2350,292950.79755
2351,237565.14769
2352,235312.69698
2353,263872.98086
2354,125135.46138
2355,144489.89554
2356,172184.07608
2357,192459.22895
2358,206575.14555
2359,127615.30142
2360,117709.65345
2361,141143.55258
2362,270930.44121
2363,137899.12765
2364,167384.47663
2365,213395.29273
2366,190010.52134
2367,210921.12807
2368,209965.01165
2369,200911.06743
2370,173409.50833
2371,177336.28359
2372,177817.44771
2373,270530.23763
2374,309118.12871
2375,267417.16503
2376,272642.9453
2377,325623.59613
2378,129422.1815
2379,183780.61967
2380,137587.24072
2381,161197.13353
2382,181663.66476
2383,203232.50434
2384,263930.20245
2385,157838.7738
2386,126854.32908
2387,121926.78925
2388,102345.88054
2389,123727.52829
2390,136662.72303
2391,141328.49312
2392,109097.06576
2393,152233.04812
2394,136529.90486
2395,188565.92081
2396,138947.70985
2397,203306.55688
2398,131340.98883
2399,71960.60828
2400,65369.63346
2401,107618.70137
2402,126921.473
2403,144341.51821
2404,141137.23433
2405,150652.21384
2406,123015.99163
2407,120076.81508
2408,133942.63372
2409,132599.11531
2410,163565.25352
2411,115648.00797
2412,142501.14573
2413,124398.28105
2414,131941.33844
2415,138885.43215
2416,112856.35872
2417,115827.09816
2418,120242.09733
2419,134069.65334
2420,126065.84766
2421,145049.61863
2422,114300.56614
2423,132220.72323
2424,166690.45209
2425,215587.70594
2426,148632.69601
2427,130550.62298
2428,163124.95954
2429,113174.66597
2430,119093.49813
2431,120308.74936
2432,141088.3498
2433,140555.03696
2434,144281.81703
2435,147996.00323
2436,105602.22865
2437,108332.51898
2438,126499.40704
2439,117871.93655
2440,103636.3372
2441,121583.18828
2442,112198.30641
2443,118100.54802
2444,133528.66191
2445,92687.89863
2446,139323.4636
2447,187197.57005
2448,131226.19627
2449,103719.53832
2450,147121.84267
2451,119160.50999
2452,180833.4025
2453,91343.15875
2454,116444.34964
2455,136621.93628
2456,119473.80143
2457,120201.126
2458,114832.70281
2459,109876.99005
2460,131205.54344
2461,108317.58638
2462,124818.42849
2463,107319.44435
2464,162221.73212
2465,118715.32505
2466,117244.51583
2467,140317.18704
2468,97472.92026
2469,95471.33571
2470,204233.84712
2471,170609.68421
2472,168078.99254
2473,113973.73017
2474,113037.89055
2475,181528.13357
2476,109103.68476
2477,125274.55473
2478,166618.90026
2479,115170.08619
2480,164725.46853
2481,124842.02637
2482,132758.84863
2483,113465.3657
2484,120178.20569
2485,119598.38311
2486,159849.40145
2487,243808.5385
2488,140232.88293
2489,138833.4582
2490,153910.164
2491,93908.15666
2492,199016.45451
2493,140074.34929
2494,165961.18297
2495,94420.13929
2496,255671.08393
2497,135109.20301
2498,104335.98627
2499,102125.39352
2500,128232.23926
2501,130788.03514
2502,153199.90601
2503,100096.3389
2504,187336.97508
2505,238555.93509
2506,245240.4322
2507,255719.17272
2508,245240.4322
2509,210322.16412
2510,238337.00875
2511,170775.09694
2512,201508.90746
2513,240857.5975
2514,224658.84351
2515,148515.1189
2516,161436.3259
2517,139967.91509
2518,164910.53016
2519,246647.98117
2520,228267.03818
2521,191342.55635
2522,233846.87412
2523,122107.73388
2524,143162.65938
2525,140308.81808
2526,141437.90302
2527,130382.1474
2528,114895.76731
2529,134354.95788
2530,112906.35268
2531,253171.95745
2532,238559.3918
2533,194288.37478
2534,245646.94386
2535,302346.212
2536,262924.06642
2537,251061.09884
2538,179408.36126
2539,194749.75443
2540,178078.23026
2541,201323.57897
2542,177556.75225
2543,144104.73429
2544,114148.84827
2545,129284.89924
2546,128345.81281
2547,129580.3458
2548,139273.83441
2549,150376.14647
2550,235212.52343
2551,133951.71106
2552,117398.2869
2553,88954.68744
2554,102729.1864
2555,130038.67534
2556,105616.36229
2557,109226.77522
2558,151038.29826
2559,141422.95
2560,147353.11653
2561,130116.39339
2562,126914.84421
2563,142560.8799
2564,175591.89711
2565,127768.48029
2566,155533.83322
2567,128670.90353
2568,193049.4669
2569,219709.23245
2570,118449.36424
2571,189036.79915
2572,136226.85977
2573,223712.18591
2574,272201.58361
2575,115245.36986
2576,128416.08437
2577,162255.62628
2578,90453.84453
2579,72635.20674
2580,95593.31715
2581,94646.15487
2582,97187.67579
2583,271461.11224
2584,170455.61827
2585,208588.64154
2586,228436.59317
2587,214595.25829
2588,118853.92659
2589,141392.56705
2590,221115.47465
2591,187151.34765
2592,185116.83068
2593,245444.53772
2594,155630.47893
2595,202661.61641
2596,304580.63729
2597,216393.53932
2598,290779.53423
2599,323718.20617
2600,124619.92367
2601,157974.18651
2602,91904.52211
2603,100230.25857
2604,87083.18437
2605,92082.89498
2606,163912.17743
2607,211626.41821
2608,224845.74034
2609,171773.15132
2610,101605.83634
2611,136705.08023
2612,159216.02498
2613,124302.78093
2614,117759.71735
2615,145794.80684
2616,134206.4368
2617,172185.39314
2618,215203.78942
2619,181508.63121
2620,180923.56893
2621,183857.17898
2622,180710.65383
2623,264409.31719
2624,289404.78633
2625,291973.42785
2626,170000.93719
2627,143267.74105
2628,471181.05634
2629,459617.30203
2630,342200.05926
2631,434305.71175
2632,406162.22096
2633,310437.87549
2634,405431.76471
2635,148288.98281
2636,176402.1869
2637,189444.2475
2638,234948.13692
2639,198396.71262
2640,137277.59479
2641,108896.60702
2642,203261.7158
2643,97617.26697
2644,120945.2915
2645,102367.224
2646,99744.97869
2647,102569.37898
2648,138832.0292
2649,127726.894
2650,128737.17137
2651,153411.76994
2652,377311.31599
2653,246638.99066
2654,222863.92366
2655,399442.66626
2656,309178.43335
2657,349260.849
2658,300397.87174
2659,288629.21222
2660,327876.15716
2661,349493.50028
2662,366243.28382
2663,292583.48982
2664,291196.16182
2665,324929.56152
2666,286080.54036
2667,190328.76718
2668,184698.47405
2669,165486.86144
2670,267898.94143
2671,181546.48149
2672,196950.29874
2673,219160.59587
2674,213555.76326
2675,168665.97782
2676,203609.15022
2677,193312.7542
2678,244279.08515
2679,280858.1113
2680,284938.71702
2681,396296.53373
2682,316751.16293
2683,485717.36992
2684,313026.23264
2685,318792.35816
2686,267764.25792
2687,312202.46052
2688,206192.75237
2689,183830.83139
2690,432649.64174
2691,189257.50995
2692,129262.2827
2693,183230.64513
2694,138952.54514
2695,194288.37478
2696,184314.53185
2697,185491.7926
2698,199178.96507
2699,184095.99928
2700,168072.63019
2701,154633.31197
2702,127365.83688
2703,116727.78197
2704,135374.49448
2705,117129.43401
2706,113072.68351
2707,125572.53829
2708,130698.00429
2709,101624.09238
2710,124498.08085
2711,279430.08698
2712,370453.2141
2713,170108.98467
2714,151658.10072
2715,177336.28359
2716,145844.21652
2717,193868.51525
2718,216792.70496
2719,174336.23791
2720,154254.80699
2721,128297.85812
2722,160319.92767
2723,145107.94548
2724,128961.65219
2725,126011.47522
2726,141216.96481
2727,211316.61887
2728,167690.48749
2729,142052.73522
2730,133514.74484
2731,125730.50105
2732,126716.94553
2733,156374.47114
2734,156863.82975
2735,125623.90771
2736,141292.24248
2737,114895.76731
2738,139434.58419
2739,145835.12795
2740,113690.13158
2741,149662.59025
2742,148831.60904
2743,142715.64282
2744,155232.88192
2745,134663.70138
2746,129032.36689
2747,130161.37994
2748,117890.42318
2749,127728.60777
2750,134114.32008
2751,129001.13236
2752,213994.11352
2753,137177.39869
2754,250901.71829
2755,119080.92376
2756,91415.1036
2757,85979.38405
2758,89703.28605
2759,149078.48214
2760,147060.76086
2761,138694.32087
2762,138403.72427
2763,188438.14765
2764,138627.58997
2765,241422.72329
2766,93991.7733
2767,91164.01158
2768,128005.95025
2769,131464.39264
2770,129389.84695
2771,111849.65998
2772,108861.80693
2773,178887.36437
2774,133867.9752
2775,126511.91519
2776,122416.97161
2777,124876.46137
2778,99440.88023
2779,135756.00444
2780,110330.28681
2781,94813.1393
2782,99114.14847
2783,90689.20371
2784,114124.52641
2785,124898.55054
2786,74933.75843
2787,115814.1176
2788,87714.58393
2789,152925.57489
2790,92732.04329
2791,117191.56777
2792,61613.69461
2793,107677.13548
2794,99999.50297
2795,103608.04468
2796,105033.19066
2797,193600.74903
2798,108497.95563
2799,105484.90585
2800,91612.9288
2801,102884.28862
2802,137513.90058
2803,163211.17246
2804,124141.69896
2805,104352.23583
2806,97637.94253
2807,155903.82556
2808,142411.32925
2809,118115.57511
2810,121729.43615
2811,171078.80827
2812,151127.53544
2813,165019.8473
2814,160565.04373
2815,129062.0449
2816,202572.81345
2817,153443.32081
2818,139953.14114
2819,160092.3308
2820,127479.9778
2821,123961.33127
2822,173028.78355
2823,306129.23039
2824,185675.77672
2825,138967.17829
2826,122857.66768
2827,127286.16934
2828,247312.3437
2829,200676.84872
2830,227805.01302
2831,186010.71922
2832,261922.67029
2833,295119.94568
2834,213688.89418
2835,230213.47855
2836,201794.65398
2837,175930.44341
2838,150386.67118
2839,216656.01712
2840,191576.08679
2841,204644.93992
2842,233545.10379
2843,130315.37027
2844,138369.60427
2845,115903.99494
2846,207765.17196
2847,209745.01871
2848,214772.66804
2849,196038.80811
2850,278352.23921
2851,242596.13925
2852,229484.03418
2853,247808.70365
2854,141878.69694
2855,194075.76481
2856,188730.33682
2857,188730.33682
2858,194749.75443
2859,141961.02028
2860,122255.98383
2861,139583.91658
2862,217137.07013
2863,125493.74929
2864,260134.25614
2865,128405.47498
2866,154257.75738
2867,100299.23524
2868,117546.47175
2869,115997.57424
2870,151033.42139
2871,95837.58174
2872,58519.75213
2873,105711.31732
2874,153197.48943
2875,108065.55773
2876,148257.99679
2877,121009.43872
2878,151251.13213
2879,134784.75551
2880,109401.2738
2881,157235.39587
2882,162136.84303
2883,173810.167
2884,183955.6532
2885,169620.06502
2886,236570.2055
2887,107785.22912
2888,117081.39935
2889,71284.13121
2890,81699.71528
2891,127403.20243
2892,53996.53018
2893,77136.53617
2894,65398.85107
2895,316400.38093
2896,294742.84042
2897,197044.90339
2898,147838.14001
2899,214865.90987
2900,153785.07896
2901,188347.44326
2902,188745.26474
2903,335861.23588
2904,350279.80174
2905,88112.11683
2906,184954.73625
2907,115896.51371
2908,125241.89313
2909,153179.71088
2910,81512.17985
2911,91904.52211
2912,150455.93822
2913,92880.50348
2914,80737.83562
2915,80737.83562
2916,91904.52211
2917,170168.34311
2918,118819.02028
2919,226344.54785
