Id,SalePrice
1461,121486.80291
1462,156929.96114
1463,185543.06315
1464,191551.94633
1465,184169.03355
1466,172884.10156
1467,168304.92345
1468,162039.08496
1469,196661.65308
1470,119564.00449
1471,208253.22213
1472,98158.80281
1473,93940.64515
1474,154075.5035
1475,118892.17483
1476,386413.02034
1477,244695.13742
1478,286518.86291
1479,282999.86881
1480,442796.76172
1481,324078.06205
1482,211100.04304
1483,169175.65328
1484,167155.61764
1485,185482.36148
1486,199154.42794
1487,347037.99294
1488,230513.50319
1489,191482.57192
1490,216548.41192
1491,196255.1246
1492,99284.97136
1493,186840.67893
1494,290086.60338
1495,294586.64662
1496,237527.83467
1497,179072.8163
1498,162801.4227
1499,161931.33564
1500,157523.44591
1501,174784.70192
1502,151577.75128
1503,268381.73246
1504,248327.07386
1505,227310.87092
1506,178270.11093
1507,239103.29371
1508,202803.40164
1509,142940.05577
1510,146769.04329
1511,142059.23918
1512,170110.48745
1513,140782.6944
1514,170344.33974
1515,187012.44399
1516,150156.22011
1517,163289.51984
1518,129430.18244
1519,231515.4409
1520,133653.48702
1521,133601.36101
1522,174330.42772
1523,107955.18926
1524,115140.75749
1525,119340.83096
1526,131564.22591
1527,100578.92301
1528,135787.30736
1529,145785.41168
1530,169744.37456
1531,124908.79163
1532,102126.27396
1533,132596.82887
1534,124186.50339
1535,151752.50307
1536,110452.96364
1537,85873.3337
1538,170741.25129
1539,197466.43167
1540,109289.1931
1541,141503.30019
1542,140969.29014
1543,192769.70547
1544,87514.70919
1545,105324.17372
1546,121470.34474
1547,137809.3258
1548,120204.53647
1549,104493.0756
1550,127928.07441
1551,121244.34326
1552,143611.46003
1553,146218.08705
1554,107588.08445
1555,170854.1143
1556,112403.24426
1557,114809.7138
1558,102949.4885
1559,95253.06164
1560,139887.80962
1561,147983.06643
1562,138489.07189
1563,127765.94652
1564,159681.79674
1565,147476.28938
1566,233132.76992
1567,81828.40518
1568,226098.37661
1569,143738.63681
1570,138190.07472
1571,120494.66134
1572,138189.79389
1573,246374.07449
1574,140325.69037
1575,234014.31679
1576,221125.67444
1577,183127.45266
1578,139651.13712
1579,142854.90755
1580,194249.81935
1581,154998.37409
1582,126543.57483
1583,312141.63573
1584,227518.41562
1585,139708.27656
1586,82157.21781
1587,97804.2851
1588,144527.21881
1589,103664.92487
1590,131772.62535
1591,88463.69108
1592,131818.64983
1593,126040.19903
1594,125949.60939
1595,128081.12272
1596,243815.25503
1597,193097.01042
1598,217060.86674
1599,175587.49711
1600,177091.51998
1601,60510.20382
1602,115595.73583
1603,69435.71263
1604,284739.99994
1605,263977.97321
1606,157131.12597
1607,170904.50619
1608,217775.63555
1609,184950.6039
1610,148030.95275
1611,140139.96684
1612,164825.60777
1613,162064.35549
1614,129481.57512
1615,85228.955
1616,77593.16208
1617,86061.0397
1618,122240.7455
1619,132927.02317
1620,182916.25101
1621,135164.0112
1622,141309.7142
1623,288300.63807
1624,227763.55237
1625,128094.43896
1626,170172.93573
1627,184799.60841
1628,277567.77716
1629,178515.44183
1630,353402.46418
1631,220839.15618
1632,241102.77033
1633,168979.36818
1634,188758.01987
1635,179854.04706
1636,151334.40764
1637,190105.01401
1638,209590.19999
1639,174621.99048
1640,234544.26425
1641,173998.65658
1642,239711.83495
1643,235133.88072
1644,233042.70448
1645,191479.14205
1646,154705.28379
1647,161888.17466
1648,128761.25069
1649,138704.49131
1650,118134.21294
1651,118878.94554
1652,104914.32192
1653,103912.42861
1654,152029.63112
1655,142067.88458
1656,151230.15825
1657,153072.52648
1658,152790.64295
1659,124313.70483
1660,146435.61438
1661,443567.01566
1662,398420.18544
1663,387762.69895
1664,419758.58816
1665,296555.09376
1666,326403.17444
1667,388102.2982
1668,348381.48914
1669,308242.03599
1670,357398.06247
1671,252585.98042
1672,451988.14148
1673,306761.69789
1674,238220.42158
1675,178199.14912
1676,190284.03041
1677,213026.68555
1678,425426.14165
1679,388004.20968
1680,343582.51181
1681,251095.20423
1682,310123.40155
1683,175295.26021
1684,183780.24063
1685,177266.24454
1686,168740.5661
1687,172756.01959
1688,198055.81272
1689,201997.89049
1690,198229.55343
1691,184846.13523
1692,273278.06278
1693,170023.96255
1694,179265.90671
1695,164643.9577
1696,273068.51765
1697,164308.07439
1698,351370.28134
1699,302501.5419
1700,247790.38323
1701,286476.00551
1702,237910.8783
1703,256151.064
1704,283899.32333
1705,234445.05948
1706,422619.81563
1707,204029.56542
1708,194809.56347
1709,255881.09391
1710,227912.43684
1711,271501.10192
1712,239537.57053
1713,264345.24974
1714,222233.6842
1715,205009.90296
1716,175377.00199
1717,180606.80554
1718,131262.08182
1719,203723.21353
1720,235931.73782
1721,176807.9961
1722,130638.5154
1723,165535.93336
1724,200579.03156
1725,241229.1682
1726,183024.56504
1727,157494.06569
1728,187625.24399
1729,154009.46856
1730,143576.63422
1731,121086.61651
1732,131079.11303
1733,116514.58747
1734,124074.4239
1735,133326.42603
1736,112337.52545
1737,302162.49113
1738,230316.10629
1739,239262.89772
1740,193164.84334
1741,181429.11927
1742,172648.54508
1743,181571.21505
1744,318797.84265
1745,207600.29355
1746,203842.09028
1747,226774.19188
1748,211099.90247
1749,150924.21602
1750,137462.14709
1751,221422.39402
1752,114743.98936
1753,139096.04808
1754,206393.60019
1755,166953.87741
1756,120674.38218
1757,116176.84925
1758,135358.95616
1759,168774.83685
1760,163748.89559
1761,159780.72792
1762,157961.67006
1763,167229.46562
1764,115472.05031
1765,113091.86977
1766,180659.019
1767,210251.45703
1768,135750.85224
1769,165220.67594
1770,153116.75432
1771,128134.08591
1772,130052.24783
1773,129864.51915
1774,137723.06271
1775,131403.42557
1776,114065.13325
1777,109894.07049
1778,136300.95513
1779,115252.98937
1780,181505.68258
1781,118851.20102
1782,87177.82224
1783,135631.32572
1784,94216.77473
1785,117402.29846
1786,145134.42114
1787,162626.29973
1788,62928.42338
1789,101009.44798
1790,90340.5895
1791,166715.65065
1792,143253.46338
1793,142166.06634
1794,149647.39214
1795,130747.61622
1796,120996.25902
1797,124210.10021
1798,117147.95502
1799,105896.93159
1800,128957.52887
1801,126755.69524
1802,138577.35564
1803,139598.15718
1804,141643.47474
1805,133771.61559
1806,118135.29754
1807,142964.84752
1808,121090.47175
1809,112205.16561
1810,128791.63168
1811,92775.21
1812,95444.63651
1813,111506.28565
1814,85391.63238
1815,56047.02111
1816,88215.84861
1817,113635.74584
1818,131534.4152
1819,131468.37092
1820,61174.39219
1821,110395.08605
1822,135651.92821
1823,52248.17806
1824,132444.02148
1825,127840.50817
1826,95520.9686
1827,105245.18247
1828,128506.2659
1829,109595.45695
1830,131701.54988
1831,141663.75486
1832,110632.05091
1833,138691.44807
1834,116471.90966
1835,154074.42439
1836,118379.78855
1837,97074.33737
1838,128785.88764
1839,83950.67451
1840,161415.5424
1841,154616.70224
1842,106947.20582
1843,138359.10456
1844,130373.31697
1845,144603.84505
1846,149637.40665
1847,163104.88335
1848,54749.73453
1849,107800.33595
1850,115282.99937
1851,147201.91843
1852,125197.35399
1853,139644.08688
1854,174828.55696
1855,153238.46107
1856,234261.42372
1857,153473.14329
1858,132543.23033
1859,116962.44435
1860,154657.85774
1861,116785.03356
1862,302028.14269
1863,288904.82923
1864,288904.82923
1865,357397.17569
1866,355826.36264
1867,231497.69747
1868,312860.21925
1869,210041.39114
1870,228237.1916
1871,254838.88098
1872,172194.31221
1873,254214.19304
1874,134969.49364
1875,205820.1296
1876,188653.08917
1877,215649.01741
1878,214587.93026
1879,133805.56893
1880,125595.10918
1881,236580.75593
1882,266894.47953
1883,187168.28013
1884,208905.84166
1885,270754.32419
1886,308610.15645
1887,214417.97691
1888,282182.3864
1889,164198.31451
1890,124534.23739
1891,131415.28735
1892,100185.99185
1893,127633.68998
1894,123366.17085
1895,141478.34033
1896,117204.96285
1897,125324.87462
1898,117348.28289
1899,152018.11946
1900,149261.6178
1901,175340.57025
1902,151889.6922
1903,197559.09257
1904,149561.96799
1905,193049.60835
1906,133763.98954
1907,214443.83141
1908,105561.41591
1909,140474.30551
1910,116164.92965
1911,205736.27819
1912,340307.79962
1913,146720.26189
1914,52851.91729
1915,313448.14395
1916,74624.03503
1917,259295.28796
1918,136070.53096
1919,162633.42473
1920,163424.06071
1921,400615.67945
1922,315863.42095
1923,200554.98358
1924,250606.21742
1925,203769.28263
1926,404849.11164
1927,127921.12493
1928,159827.27743
1929,118696.06637
1930,125700.54722
1931,144314.63565
1932,132270.17785
1933,168436.8038
1934,179361.43033
1935,167695.42514
1936,184912.32177
1937,181258.84427
1938,173253.12118
1939,257250.57239
1940,186480.87556
1941,174041.93496
1942,178621.53008
1943,204993.85319
1944,386050.69693
1945,392219.30881
1946,169771.05679
1947,336858.12317
1948,181606.33057
1949,253294.00152
1950,188320.14866
1951,257951.01417
1952,211180.36486
1953,171116.53469
1954,198951.94115
1955,127193.35673
1956,275779.57148
1957,154466.59392
1958,318294.22346
1959,144301.39974
1960,113213.12317
1961,123566.79801
1962,97619.94777
1963,104647.85655
1964,113976.43713
1965,144777.54649
1966,132291.2055
1967,282968.86091
1968,411513.19343
1969,394602.55451
1970,446694.1645
1971,446046.85347
1972,391243.63344
1973,263330.92934
1974,336500.81424
1975,439962.01672
1976,282759.40589
1977,365316.56659
1978,358940.57367
1979,326355.39923
1980,192802.06261
1981,350707.30364
1982,229415.8802
1983,203613.05027
1984,172362.69345
1985,231197.3225
1986,218985.90597
1987,179961.99531
1988,175233.9554
1989,193648.23043
1990,211019.84399
1991,214660.12193
1992,222454.67177
1993,174185.96065
1994,240512.92194
1995,187103.8445
1996,258776.2135
1997,336547.7663
1998,322000.81418
1999,260311.66618
2000,302249.75205
2001,252768.31355
2002,254439.88064
2003,279024.21968
2004,272819.31451
2005,227058.98915
2006,212586.05263
2007,246466.41604
2008,200222.48545
2009,192309.71125
2010,199818.75183
2011,142895.6979
2012,173879.46597
2013,182069.43212
2014,186130.40637
2015,210292.49891
2016,190207.0895
2017,197914.47511
2018,128389.8801
2019,143562.52212
2020,125489.53941
2021,114756.89977
2022,177190.68785
2023,149184.72431
2024,230118.08892
2025,359600.56216
2026,170191.89053
2027,155159.00782
2028,153607.6279
2029,164636.21666
2030,276108.67678
2031,238757.12118
2032,254537.77109
2033,268795.53408
2034,170133.90668
2035,221799.8907
2036,206906.60472
2037,206812.84777
2038,283201.11149
2039,238920.5344
2040,303679.17502
2041,318653.07306
2042,202337.1527
2043,162012.9172
2044,168101.17463
2045,203400.20194
2046,134064.06012
2047,135936.21471
2048,134989.77082
2049,132808.5597
2050,168042.87325
2051,105302.61965
2052,130074.40789
2053,146574.07774
2054,85714.91793
2055,146812.83018
2056,135551.56434
2057,120588.51744
2058,212380.61415
2059,139672.29948
2060,171286.18027
2061,176156.02128
2062,132712.24539
2063,119618.17644
2064,135859.38698
2065,124224.43546
2066,159795.82691
2067,140875.24207
2068,134100.30107
2069,88892.11288
2070,106417.20281
2071,95551.91724
2072,122981.1937
2073,136518.92031
2074,179436.02167
2075,156683.98609
2076,120418.8043
2077,156061.19236
2078,126037.05148
2079,131803.90416
2080,115285.34431
2081,124149.4647
2082,135408.59674
2083,140625.51468
2084,105553.03725
2085,118554.32137
2086,127000.38768
2087,119441.85727
2088,104410.63554
2089,79596.63443
2090,130797.826
2091,118815.99753
2092,123251.90309
2093,130449.74133
2094,122135.05219
2095,138481.86396
2096,77979.96161
2097,91480.6736
2098,136188.61915
2099,62835.63971
2100,104014.66124
2101,120237.84132
2102,125000.05008
2103,99058.09077
2104,126118.18407
2105,121187.5212
2106,77778.63743
2107,196781.10976
2108,113522.80197
2109,105532.15983
2110,130894.47985
2111,139799.28352
2112,138729.37487
2113,113514.79382
2114,114744.93807
2115,151747.87064
2116,114009.26161
2117,145749.0939
2118,118672.58699
2119,97936.67886
2120,117701.68283
2121,101307.14985
2122,97454.79789
2123,92684.06103
2124,160444.20871
2125,128646.59795
2126,157798.83006
2127,148634.53623
2128,120059.5413
2129,90613.77038
2130,128776.88348
2131,143873.96918
2132,117640.05846
2133,117474.21359
2134,129145.68203
2135,92321.43092
2136,85884.58929
2137,122145.62057
2138,135258.28791
2139,149445.27933
2140,141392.40208
2141,133287.15097
2142,124873.0118
2143,137236.97215
2144,142766.91877
2145,136859.36426
2146,157341.4626
2147,171070.97565
2148,132397.1388
2149,139265.10445
2150,222976.94883
2151,116304.19872
2152,154845.4816
2153,163683.82085
2154,113361.81777
2155,128130.31184
2156,237417.64905
2157,242576.56685
2158,233478.51148
2159,208854.24643
2160,181417.10391
2161,240676.5289
2162,344324.30899
2163,364159.8479
2164,274047.92007
2165,187654.7547
2166,143335.58652
2167,224726.35919
2168,201180.09916
2169,201177.40036
2170,221601.55055
2171,146698.15473
2172,140896.1602
2173,166449.1567
2174,234855.75816
2175,310254.62375
2176,325271.68953
2177,241167.07004
2178,229724.13544
2179,140636.52074
2180,217713.48606
2181,193591.24212
2182,214958.10617
2183,191247.38981
2184,123482.29918
2185,123874.29533
2186,140711.31678
2187,143053.98331
2188,138617.70675
2189,214198.33573
2190,81675.3619
2191,80133.93172
2192,89940.9311
2193,105294.55391
2194,95450.58556
2195,107571.06215
2196,98702.67455
2197,119795.17956
2198,149497.55725
2199,163184.10926
2200,141757.72448
2201,143207.38428
2202,222448.33311
2203,157040.8782
2204,190455.62651
2205,125117.70769
2206,148925.13317
2207,206735.24952
2208,261349.62721
2209,227752.43804
2210,111617.64333
2211,114228.45002
2212,106744.85415
2213,85703.59779
2214,136436.70864
2215,92770.09704
2216,136618.00901
2217,73152.42341
2218,77444.65958
2219,71642.37082
2220,74368.49823
2221,317657.71992
2222,269644.21473
2223,292112.37405
2224,219159.30906
2225,137548.09798
2226,179249.01128
2227,206893.55879
2228,277929.50101
2229,262454.37288
2230,149012.42818
2231,202365.74523
2232,176805.22409
2233,184706.20279
2234,263117.92683
2235,211187.82514
2236,275538.98326
2237,331185.59325
2238,202247.26644
2239,117363.83719
2240,158618.7006
2241,145354.80587
2242,119170.7844
2243,121719.66238
2244,107917.39529
2245,108196.95637
2246,143539.28402
2247,117436.49665
2248,118546.18396
2249,124981.89876
2250,128225.34619
2251,132912.43178
2252,168462.35188
2253,149658.91355
2254,170668.61035
2255,186270.8368
2256,182594.23722
2257,198754.29355
2258,161516.84155
2259,174612.52644
2260,157669.01704
2261,188266.54066
2262,201263.71393
2263,401797.89284
2264,418907.01899
2265,172835.34168
2266,316542.42999
2267,370787.13696
2268,409033.02233
2269,162111.32222
2270,197320.10475
2271,223990.98598
2272,207060.65275
2273,154459.90752
2274,181210.99816
2275,171691.66996
2276,187289.30473
2277,178044.31697
2278,143063.76135
2279,129235.29215
2280,112838.96557
2281,166206.34805
2282,193844.83022
2283,100175.29567
2284,110341.00959
2285,139132.07114
2286,124097.45049
2287,371964.05883
2288,260951.40086
2289,338522.42345
2290,438934.18053
2291,322787.18001
2292,417931.55459
2293,427223.52626
2294,407509.35604
2295,440376.91173
2296,282884.99648
2297,333863.22217
2298,356524.07307
2299,357435.34214
2300,345799.21654
2301,309597.06293
2302,240331.37132
2303,241886.90325
2304,235170.99643
2305,181094.06425
2306,182210.18191
2307,191153.02698
2308,227569.45555
2309,305276.79963
2310,200601.87698
2311,201207.07465
2312,185393.0316
2313,179100.41854
2314,173920.01393
2315,178949.98906
2316,182431.58817
2317,180162.23924
2318,178221.81492
2319,182979.77686
2320,175864.33103
2321,259078.83677
2322,171000.79766
2323,186165.82446
2324,182421.36567
2325,223036.23608
2326,175731.30684
2327,206000.26186
2328,219192.41966
2329,188081.63104
2330,179392.95183
2331,347896.82333
2332,381444.64861
2333,318283.35184
2334,241303.44555
2335,285872.907
2336,300172.80257
2337,191260.99967
2338,284060.6632
2339,227234.50601
2340,396054.68607
2341,222497.03528
2342,238875.03323
2343,234753.14151
2344,213703.9916
2345,228888.33286
2346,202616.36094
2347,187138.847
2348,234120.7957
2349,171514.1574
2350,305389.43411
2351,256352.40113
2352,246134.41481
2353,234741.14954
2354,129895.51337
2355,150625.89393
2356,159204.1507
2357,196203.06111
2358,190671.64841
2359,135912.55797
2360,119729.3319
2361,138067.31953
2362,275341.20949
2363,140648.14944
2364,165932.73469
2365,224867.15437
2366,192530.31092
2367,223679.93932
2368,205905.09063
2369,219372.59747
2370,167916.48386
2371,167973.53301
2372,190148.37426
2373,281209.0225
2374,321012.33567
2375,265154.33312
2376,270882.9243
2377,338506.06022
2378,142473.49176
2379,183897.54131
2380,140999.25126
2381,163701.69226
2382,192593.04116
2383,197285.90294
2384,245416.24932
2385,160725.14172
2386,135040.92058
2387,132547.75597
2388,103963.04088
2389,126331.24653
2390,141118.73883
2391,137064.48527
2392,108686.6836
2393,158728.80645
2394,140001.099
2395,192055.23179
2396,143050.74713
2397,199641.40107
2398,129667.6096
2399,63078.1318
2400,66204.84903
2401,111420.95401
2402,131514.68975
2403,135196.36188
2404,148900.55758
2405,158168.09744
2406,135652.21021
2407,122418.59141
2408,136598.4783
2409,121194.83654
2410,155819.89216
2411,121931.35442
2412,152240.47285
2413,128671.53671
2414,138408.41332
2415,131727.44939
2416,123122.7943
2417,115805.22305
2418,127809.81875
2419,127841.34315
2420,130033.65694
2421,141383.76194
2422,120220.3689
2423,124796.89028
2424,163120.82679
2425,188199.81145
2426,152089.20846
2427,134237.02244
2428,179652.54077
2429,115652.00469
2430,132495.07293
2431,128545.81867
2432,144455.16093
2433,140334.2459
2434,148542.25037
2435,155887.10848
2436,104700.46
2437,111991.55496
2438,130533.86345
2439,104162.71062
2440,114093.02057
2441,112817.56512
2442,104472.98609
2443,111411.54176
2444,122405.33536
2445,83626.20024
2446,125884.89675
2447,193103.08629
2448,124000.86394
2449,101819.41773
2450,142726.59317
2451,121407.94878
2452,192074.37732
2453,85147.62497
2454,119966.50348
2455,128821.79823
2456,122211.63797
2457,124887.72336
2458,118566.19773
2459,99589.47583
2460,138912.5836
2461,108429.46612
2462,124933.01932
2463,114316.048
2464,168925.18239
2465,128225.78793
2466,111042.34692
2467,151883.43539
2468,95358.54646
2469,96662.25873
2470,178731.86703
2471,188722.52139
2472,161612.90113
2473,119111.96256
2474,108485.18634
2475,208120.37405
2476,121025.77911
2477,129790.40555
2478,164376.00219
2479,123726.42846
2480,154607.97486
2481,132175.70947
2482,135465.33583
2483,115510.41901
2484,126049.018
2485,124763.76194
2486,160582.15082
2487,182718.44275
2488,153719.25175
2489,151515.25741
2490,149851.3227
2491,85617.35301
2492,173261.13094
2493,146591.39391
2494,161216.07745
2495,97088.27851
2496,244338.33381
2497,146535.40637
2498,111415.5767
2499,100126.0438
2500,118711.11681
2501,126004.35236
2502,150817.62653
2503,102119.07196
2504,179766.77464
2505,224714.67101
2506,245003.85724
2507,264291.97972
2508,250103.09095
2509,219777.53726
2510,226399.49422
2511,178087.2474
2512,211574.58672
2513,229431.7031
2514,247094.0138
2515,144165.4332
2516,171359.91125
2517,140855.85826
2518,154733.92035
2519,244331.66807
2520,227176.64343
2521,190220.22192
2522,228330.59365
2523,129899.37603
2524,142959.65499
2525,141829.17449
2526,139433.02291
2527,132961.68622
2528,119726.95862
2529,140661.43456
2530,114726.91191
2531,260887.62547
2532,232791.1407
2533,195981.13111
2534,242635.18772
2535,328683.64992
2536,250497.78747
2537,243088.37604
2538,184066.77978
2539,193287.54289
2540,167187.63477
2541,189101.65219
2542,162658.0662
2543,138270.12704
2544,109876.98074
2545,130985.82632
2546,123865.70683
2547,137123.28593
2548,145642.5045
2549,156102.51083
2550,255556.52153
2551,137434.99085
2552,123401.56523
2553,80511.72665
2554,106109.26083
2555,116084.68086
2556,100902.80902
2557,113733.16312
2558,151080.58853
2559,136096.23658
2560,148097.97708
2561,133697.39594
2562,131640.29267
2563,141207.0483
2564,190533.60606
2565,140860.9318
2566,156248.73749
2567,137622.66879
2568,206152.30956
2569,202847.86199
2570,111498.35124
2571,183393.6293
2572,160483.69925
2573,223351.67996
2574,262243.1483
2575,116479.31203
2576,118856.66797
2577,151154.81002
2578,87169.94208
2579,74327.27678
2580,115959.58411
2581,100086.67196
2582,93815.08973
2583,271631.23454
2584,172699.28411
2585,177622.43417
2586,219005.99747
2587,208275.03643
2588,137362.69199
2589,143765.32832
2590,214653.79123
2591,197055.83789
2592,199571.87364
2593,247663.04172
2594,166386.19253
2595,202361.73808
2596,307780.05517
2597,183290.16727
2598,305406.63583
2599,322374.6628
2600,143015.49022
2601,144809.19497
2602,85287.41463
2603,99070.46713
2604,85722.58288
2605,86748.50321
2606,149940.94617
2607,199672.07463
2608,206421.5934
2609,163708.70913
2610,102460.89844
2611,147089.89483
2612,157161.94169
2613,128705.8071
2614,121108.486
2615,158530.54603
2616,144929.00789
2617,177108.43768
2618,198739.02937
2619,187324.20394
2620,183524.632
2621,177163.78562
2622,180334.51308
2623,258733.02059
2624,289377.53023
2625,290108.1611
2626,161682.21686
2627,160885.38166
2628,480785.81933
2629,469586.46669
2630,346670.40109
2631,454516.577
2632,439934.49032
2633,301888.89495
2634,415232.72119
2635,152425.94843
2636,193833.43363
2637,182307.56275
2638,238707.10787
2639,183878.67164
2640,142547.58445
2641,107296.92922
2642,193542.56576
2643,98157.6239
2644,127562.57879
2645,98853.46353
2646,95036.12258
2647,106754.37192
2648,139243.02427
2649,138234.35743
2650,135855.50707
2651,149902.61251
2652,392920.78591
2653,237122.57924
2654,221060.36883
2655,399560.98298
2656,313235.4391
2657,369460.45638
2658,321083.68622
2659,295172.09588
2660,366509.60506
2661,359743.06113
2662,377149.30704
2663,300908.71953
2664,294693.86318
2665,323561.68278
2666,290617.88776
2667,171467.13432
2668,183485.94024
2669,168680.81032
2670,272655.88835
2671,184732.74037
2672,194704.48951
2673,211847.59008
2674,202095.17566
2675,170914.05025
2676,198627.56414
2677,187606.67031
2678,238169.10108
2679,271694.66919
2680,285813.43683
2681,404097.21485
2682,305154.15124
2683,511309.86343
2684,326665.45665
2685,318679.54494
2686,274565.46878
2687,314986.12062
2688,218025.13003
2689,198218.86221
2690,423900.35074
2691,176973.04158
2692,139567.42832
2693,196708.09308
2694,136063.20411
2695,193075.31303
2696,188442.76509
2697,181335.81446
2698,193199.78342
2699,183670.93614
2700,157811.56822
2701,156714.33499
2702,125062.95655
2703,120060.81301
2704,139746.94623
2705,119677.12151
2706,112930.76551
2707,126527.08422
2708,133604.90601
2709,106128.49371
2710,126308.17427
2711,278020.53398
2712,337388.08563
2713,165829.59112
2714,152365.27173
2715,168488.89785
2716,146758.97062
2717,189516.94338
2718,225963.4975
2719,161871.78726
2720,171395.87457
2721,132669.39528
2722,162250.53984
2723,150582.82198
2724,132592.59501
2725,131622.76521
2726,144064.52523
2727,199962.87844
2728,167663.92116
2729,140657.30176
2730,137773.97017
2731,128389.6788
2732,124770.76454
2733,156456.08363
2734,156972.22888
2735,132394.09377
2736,146795.3918
2737,117905.75742
2738,131901.14534
2739,160296.81389
2740,121851.29658
2741,153699.94736
2742,154030.56529
2743,148630.23379
2744,156163.1009
2745,141901.67162
2746,142173.51526
2747,139006.19994
2748,119314.98142
2749,130491.45998
2750,132124.5642
2751,136422.64033
2752,212276.76856
2753,151705.65042
2754,231311.43391
2755,126066.02459
2756,93393.93955
2757,90138.74155
2758,86108.44921
2759,148416.58669
2760,136544.44037
2761,146057.46333
2762,136441.7422
2763,190842.82502
2764,153966.577
2765,274193.45633
2766,100812.38972
2767,91564.71507
2768,130576.87701
2769,134475.26654
2770,146627.46145
2771,116371.27393
2772,117176.84764
2773,145384.88167
2774,132163.17725
2775,119578.14158
2776,128351.77108
2777,136202.9104
2778,104619.18005
2779,117359.91055
2780,104917.14968
2781,92636.40162
2782,89578.75273
2783,97595.48474
2784,120659.09423
2785,131490.85829
2786,69427.08283
2787,110114.74269
2788,84934.70038
2789,174076.379
2790,94485.57724
2791,110797.56201
2792,57137.8125
2793,116149.84441
2794,93400.97944
2795,104357.71351
2796,104354.48503
2797,195958.21303
2798,110239.67958
2799,109248.82723
2800,78326.99069
2801,100690.58926
2802,136021.54463
2803,155890.9155
2804,131597.17028
2805,97714.7053
2806,97049.73833
2807,167813.95252
2808,145536.93347
2809,129051.64899
2810,128432.84228
2811,159242.77026
2812,157219.9663
2813,153364.99306
2814,148469.68871
2815,122171.64991
2816,210260.45584
2817,145885.17036
2818,135326.51951
2819,174167.7946
2820,129728.31462
2821,120971.92719
2822,177783.14039
2823,277128.99392
2824,179537.51711
2825,144198.57915
2826,124193.38423
2827,133407.11748
2828,225952.72877
2829,189814.16149
2830,223774.1011
2831,187383.68106
2832,229027.75237
2833,299848.82776
2834,217992.75521
2835,220504.40649
2836,197450.83749
2837,171196.58991
2838,141453.77686
2839,189028.78757
2840,199602.23249
2841,202181.02327
2842,240148.97677
2843,144231.19497
2844,153828.13407
2845,116860.84508
2846,208838.31328
2847,199259.41638
2848,211228.03783
2849,194587.72664
2850,289178.13782
2851,234447.20795
2852,229404.20684
2853,247568.31852
2854,140201.02132
2855,201965.7461
2856,197938.11123
2857,191687.12396
2858,204368.15795
2859,136040.44647
2860,128881.52462
2861,135896.2694
2862,195214.64327
2863,127823.0632
2864,238470.19527
2865,135087.90534
2866,147650.59134
2867,88743.98297
2868,115071.79209
2869,116374.46707
2870,146954.02674
2871,96458.56366
2872,64626.22917
2873,105621.52219
2874,142534.27219
2875,124277.23915
2876,159648.37929
2877,123384.37649
2878,170434.47004
2879,144791.41733
2880,109293.80913
2881,164393.90504
2882,169551.25281
2883,194253.08374
2884,203869.46598
2885,175816.37651
2886,208260.10995
2887,108445.02742
2888,122502.70248
2889,60976.81564
2890,79219.92385
2891,133905.80529
2892,46757.82541
2893,80636.08959
2894,54704.7199
2895,327667.70618
2896,280197.07712
2897,196818.63561
2898,144553.87996
2899,219258.83866
2900,157147.47202
2901,196266.18773
2902,186910.97115
2903,338141.39259
2904,351699.38665
2905,107552.07843
2906,194550.2821
2907,116393.12827
2908,133919.17257
2909,141356.2553
2910,79433.28519
2911,85468.71044
2912,148455.59011
2913,86333.55062
2914,75344.42071
2915,76793.46666
2916,86155.80514
2917,160472.6117
2918,116714.38934
2919,220103.46132
